1:100

mydice <- 1:6
mydice - 1
